20
20
20
20
354
705
20
21
32
513
20
94
58
66
66
32
66
20
21
51
20
51
20
32
20
20
20
20
21
32
21
32
443
20
512
1406
20
1406
1406
20
1406
1406
20
1406
1406
20
1406
1406
20
1406
1406
20
1406
1406
20
1406
1406
20
1406
1406
20
1406
1406
20
1406
1406
1406
1406
20
1406
1406
1406
1406
1406
1406
32
32
32
32
32
32
1406
1406
1406
1406
40
40
40
40
1406
48
1406
1406
40
40
1406
40
1406
1406
40
40
1406
40
1406
40
1406
40
1406
40
1406
1406
1406
1406
1406
1406
1406
40
40
40
40
40
40
40
1406
40
1406
40
1406
40
1406
40
1406
40
1406
40
1406
40
1406
40
1406
40
1406
40
1406
40
1406
40
1406
40
1406
40
1406
40
1406
1406
40
40
1406
1182
40
40
1406
32
1406
1406
32
20
244
1406
20
1406
1406
1406
1406
1406
1182
1406
244
1406
1406
1406
1406
1406
1406
1406
20
1406
20
1406
1406
1406
1406
20
1406
1406
1406
1406
1406
20
1406
1406
1406
1406
20
1406
20
1406
1406
1406
20
1406
20
1406
1406
20
1406
1406
1406
1406
1406
20
1406
1406
1406
20
1406
1406
20
1406
1406
20
1406
1406
20
1406
1406
20
1406
1406
20
1406
1406
20
1406
1406
20
1406
1406
20
1406
1406
20
1406
1406
1406
1406
1406
1406
20
1406
1406
20
1406
1406
20
1406
1406
20
1406
1406
20
1406
1406
20
1406
1406
20
1406
1406
20
1406
1406
20
1406
1406
20
1406
1406
20
1406
1406
20
1406
1406
20
1406
1406
1406
1406
1406
1406
1406
1406
20
1406
1406
20
1406
1406
1406
1406
1406
1406
1406
1406
1406
1406
1406
1406
1406
1406
1406
1406
20
1406
1406
20
1406
1406
20
1406
1406
20
1406
1406
20
1406
1406
1406
1406
1406
1406
1406
1406
1406
1406
1406
1406
1406
1406
20
1406
1406
20
1406
1406
20
1406
644
20
21
32
21
32
520
20
94
58
20
66
66
20
21
32
21
32
21
32
66
20
80
66
51
20
20
20
20
20
20
20
21
32
21
32
21
32
21
32
21
32
21
32
21
32
503
20
94
58
20
66
66
20
21
32
21
32
21
32
21
32
21
32
21
32
21
32
354
705
20
21
32
21
32
21
32
519
20
94
58
20
66
66
20
502
20
94
58
66
20
66
20
32
32
20
222
21
32
20
1406
1406
20
329
146
870
51
20
51
20
20
20
20
278
1406
1406
20
1406
20
1406
1406
20
1406
1406
20
1406
1406
20
20
51
20
20
20
1406
1406
20
1406
1406
20
1406
1406
20
1406
1406
326
20
21
32
21
32
21
32
21
32
21
32
21
32
21
32
443
20
512
1406
20
1406
1406
20
1406
1406
20
1406
1406
20
1406
1406
20
1406
1406
20
1406
1406
20
1406
1406
1406
1406
20
1406
1406
20
1406
1406
20
1406
1406
20
1406
1406
20
1406
1406
20
1406
1406
1406
20
1406
1406
1406
1406
1406
1406
1406
1406
1406
1406
1406
1406
1406
1406
1406
20
20
1406
1406
20
1406
1406
20
1406
1406
20
1406
1406
1406
20
1406
20
1406
1406
20
1406
1406
20
1406
1406
20
1406
1406
20
1406
1406
20
1406
1406
20
1406
1406
20
1406
1406
20
1406
1406
20
1406
1406
20
1406
1406
20
1406
1406
20
1406
1406
20
1406
1406
20
1406
1406
20
1406
1406
20
1406
1406
20
1406
1406
20
1406
1406
20
1406
1406
20
1406
1406
20
1406
1406
20
1406
1406
20
1406
1406
20
1406
1406
20
1406
1406
20
1406
1406
20
1406
1406
20
1406
1406
20
1406
1406
20
1406
1406
20
1406
1406
20
1406
1406
20
1406
1406
20
1406
1406
20
1406
1406
20
1406
1406
20
1406
1406
20
1406
1406
20
1406
1406
20
1406
1406
20
1406
1406
20
1406
1406
20
1406
1406
20
1406
1406
20
1406
1406
20
1406
1406
20
1406
1406
1406
1406
1406
1406
1406
20
1406
1406
20
1406
20
1406
1406
20
1406
1406
20
1406
1406
20
1406
1406
20
1406
1406
20
1406
1406
20
1406
1406
20
1406
1406
20
1406
1406
20
1406
1406
20
1406
1406
20
1406
1406
20
1406
1406
20
1406
1406
20
1406
1406
20
1406
1406
20
1406
1406
20
1406
1406
20
1406
1406
20
1406
1406
20
1406
1406
1406
20
1406
20
1406
1406
20
1406
1406
20
1406
1406
20
1406
1406
20
1406
1406
20
1406
1406
20
1406
644
20
21
32
32
32
20
537
20
172
71
177
690
76
58
62
58
20
20
21
352
58
20
66
32
66
20
21
32
21
32
503
20
94
58
20
66
66
20
21
32
21
32
522
20
94
58
20
66
66
354
705
20
20
32
32
20
537
20
163
71
1406
62
20
1406
1406
20
1406
1406
20
1406
1406
20
1406
1406
20
1406
1406
20
1406
1406
20
1406
1406
20
1406
1406
20
1406
1406
20
1406
1406
20
1406
1406
1406
20
1406
20
1406
1406
1406
1406
1406
1406
1406
1406
1406
1406
1406
1406
1406
20
1406
20
1406
1406
20
1406
1406
20
1406
1406
20
1406
1406
20
1406
1406
20
1406
1406
20
1406
1406
20
1406
1406
20
1406
1406
20
1406
1406
1406
20
1406
1406
20
1406
1406
1406
1406
1406
1406
1406
1406
1406
1406
1406
1406
1406
20
1406
1406
1406
1406
1406
1406
1406
1406
1406
1406
1406
1406
1406
1406
1406
20
1406
20
1406
1406
1406
20
1406
20
1406
1406
20
1406
1406
20
1406
1406
1406
1406
1406
20
1406
20
1406
1406
20
1406
1406
20
1406
1406
20
1406
1406
20
1406
1406
20
1406
1406
20
1406
1406
20
1406
1406
20
1406
1406
20
1406
1406
20
1406
1406
20
1406
1406
20
1406
1406
20
1406
1406
20
1406
1406
20
1406
1406
20
1406
1406
20
1406
1406
20
1406
1406
20
1406
1406
20
1406
1406
20
1406
1406
20
1406
1406
20
1406
1406
20
1406
1406
20
1406
1406
20
1406
1406
20
1406
1406
20
32
1406
1406
1406
1406
1406
1406
1406
1406
1406
1406
1406
1406
1406
1406
20
1406
1406
20
1406
1406
20
1406
1406
1406
1406
1406
20
1406
20
1406
1406
20
1406
1406
20
1406
1406
1406
1406
20
1406
1406
1406
1406
1406
20
1406
20
1406
1406
20
1406
32
20
537
1406
20
1406
1406
1406
1406
20
1406
1406
1406
1406
20
1406
1406
20
1406
1406
20
1406
1406
20
1406
1406
1406
20
1406
20
1406
1406
20
1406
20
163
1406
20
71
1406
62
1406
1406
20
1406
1406
20
1406
1406
406
20
20
1406
1406
20
1406
1406
20
1406
1406
20
1406
1406
20
1406
1406
20
1406
1406
20
1406
1406
20
1406
1406
20
1406
1406
20
1406
1406
20
1406
1406
20
1406
1406
20
1406
1406
20
1406
1406
20
1406
1406
20
1406
1406
20
1406
1406
20
1406
1406
20
1406
1406
20
1406
1406
20
1406
1406
20
1406
1406
20
1406
1406
20
1406
1406
20
1406
1406
20
1406
1406
20
1406
1406
20
1406
1406
20
1406
1406
1406
1406
1406
20
1406
1406
20
1406
20
1406
1406
20
1406
1406
20
1406
1406
20
1406
1406
20
1406
1406
20
1406
1406
20
1406
1406
20
1406
1406
20
1406
1406
20
1406
1406
20
1406
1182
20
1406
1406
1406
1406
1406
1406
20
1406
1406
1406
1406
1406
244
20
1406
1406
20
1406
1406
20
1406
1406
20
1406
1406
20
1406
1406
20
1406
1406
20
1406
1406
20
1406
1406
20
1406
1406
20
1406
1406
20
1406
1406
20
1406
1406
20
1406
1406
20
1406
1406
1406
1406
1406
1406
1406
1406
1406
1406
1406
1406
20
1406
1406
20
1406
1406
20
1406
1406
20
1406
1406
20
1406
1406
20
1406
1406
20
1406
1406
20
1406
1406
20
1406
1406
20
1406
1406
20
1406
1406
20
1406
1406
20
1406
1406
20
1406
1406
20
1406
1406
20
1406
1406
20
1406
1406
20
1406
1406
20
1406
1406
20
1406
1406
20
1406
1406
20
1406
1406
20
1406
1406
1406
1406
20
1406
1406
20
1406
1406
20
1406
1406
20
1406
1406
20
1406
306
20
21
32
21
32
21
32
1406
65
20
1406
1406
20
1406
1406
20
1406
1406
20
1406
1406
20
1406
1406
20
1406
1406
20
1406
1406
20
1406
1406
20
1406
1406
20
1406
1406
20
1406
1406
20
1406
1406
20
1406
1406
20
1406
1406
20
1406
1406
1406
1406
1406
20
1406
20
1406
1406
20
1406
1406
20
1406
1406
20
1406
1406
1406
1406
1406
1406
1406
1406
1406
1406
1406
1406
20
1406
1406
1406
20
1406
20
1406
1406
20
1406
1406
1406
1406
1406
1406
1406
1406
1406
1406
1406
1406
1406
1406
20
1406
1406
20
1406
1406
20
1406
1406
20
1406
1406
20
1406
1406
20
1406
1406
20
1406
1406
20
1406
1406
20
1406
1406
20
1406
1406
20
1406
1406
20
1406
1406
20
1406
1406
20
1406
1406
20
1406
1406
20
1406
1406
20
1406
1406
20
1406
1406
20
1406
1406
20
1406
1406
1406
20
1406
20
1406
1406
20
1406
1406
20
1406
1406
20
1406
1406
20
1406
1406
20
1406
1406
20
1406
1406
20
1406
1406
20
1406
1406
20
1406
1406
20
1406
1406
1406
20
1406
20
1406
1406
20
1406
1406
20
1406
1406
20
1406
1406
20
1406
1406
20
1406
1406
20
1406
1406
20
1406
1406
20
1406
1406
20
1406
1406
20
1406
1406
20
1406
1406
20
1406
1406
20
1406
1406
20
1406
1406
20
1406
1406
20
1406
1406
20
1406
1406
1406
1406
20
1406
1406
1406
20
1406
20
1406
1406
20
1406
1406
20
1406
1406
20
1406
1406
20
1406
1406
20
1406
1406
20
1406
1406
20
1406
1406
20
1406
1406
20
1406
1406
20
1406
1406
20
1406
1406
20
1406
1406
20
1406
1406
20
1406
1406
20
1406
1406
20
1406
1406
20
1406
1406
20
1406
1406
20
1406
1406
20
1406
1406
20
1406
1406
20
1406
1406
20
1406
1406
20
1406
1406
20
1406
1406
20
1406
1406
20
1406
1406
20
1406
1406
20
1406
1406
20
1406
1406
20
1406
1406
20
1406
1406
20
1406
1406
20
1406
1406
1406
20
1406
20
1406
1406
20
1406
1406
20
1406
1406
20
1406
1406
20
1406
1406
20
1406
1406
20
1406
1406
20
1406
1406
20
1406
1406
20
1406
1406
20
1406
1406
20
1406
1406
20
1406
1406
1406
1406
1406
1406
1406
1406
20
1406
1406
20
1406
1406
20
1406
1406
1406
1406
1406
20
1406
1406
20
1406
1406
1406
1406
1406
20
1406
1406
20
1406
1406
20
1406
1406
20
1406
1406
20
1406
1406
20
1406
1406
20
1406
1406
20
1406
1406
20
1406
1406
20
1406
1406
20
1406
1406
1406
1406
1406
1406
1406
1406
1406
1406
1406
1406
1406
1406
1406
1406
1406
20
1406
20
1406
1406
20
1406
1406
1406
20
1406
20
1406
1406
20
1406
1406
20
1406
1406
20
1406
1406
20
1406
1406
20
1406
552
20
21
32
21
32
21
32
21
32
21
32
21
32
21
32
21
32
21
32
21
32
20
32
20
32
20
217
20
1406
1406
1386
20
146
21
1406
32
32
71
1406
1406
1406
756
20
20
479
20
522
20
94
104
20
66
104
32
20
21
21
32
32
51
20
20
20
21
32
21
32
443
20
512
1406
1406
20
1406
20
1406
1406
20
1406
1406
20
1406
1406
20
1406
1406
20
1406
1406
20
1406
1406
20
1406
1406
20
1406
1406
20
1406
1406
20
1406
1406
20
1406
1406
20
1406
1406
20
1406
1406
20
1406
20
20
51
20
20
1406
1406
20
1406
1406
20
1406
1406
20
1406
1406
20
1406
1406
20
1406
1406
1406
1406
1406
20
1406
20
1406
1406
20
1406
1406
20
1406
1406
20
1406
1406
20
1406
1406
1406
20
20
20
1406
20
1406
1406
20
1406
1406
20
1406
1406
20
1406
1406
20
1406
1406
20
1406
1406
20
1406
1406
20
1406
1406
20
1406
1406
20
1406
1406
20
1406
1406
20
1406
1406
20
1406
1406
20
1406
1406
20
1406
1406
20
1406
1406
20
1406
1406
20
1406
1406
20
1406
1406
20
1406
20
1406
1406
20
1406
1406
20
1406
1406
20
1406
1406
20
1406
1406
20
1406
1406
20
1406
1406
20
1406
1406
20
1406
1406
20
1406
1406
20
1406
1406
20
1406
1406
20
1406
1406
20
1406
1406
20
1406
1406
20
1406
1406
20
1406
1406
20
1406
1406
20
1406
1406
20
1406
1406
20
1406
1406
20
1406
1406
20
1406
1406
20
1406
1406
20
1406
1406
20
1406
1406
20
1406
1406
20
1406
1406
20
1406
1406
20
1406
1406
20
1406
1406
20
1406
1406
20
1406
1406
20
1406
1406
20
1406
1406
20
1406
1406
20
1406
1406
20
1406
1406
1406
20
1406
20
1406
1406
20
1406
1406
20
1406
1406
20
1406
1406
20
1406
1406
20
1406
1406
20
1406
1406
20
1406
1406
20
1406
1406
20
1406
1406
20
1406
1406
20
1406
1406
20
1406
1406
20
1406
1406
20
1406
1406
20
1406
1406
20
1406
1406
20
1406
1406
20
1406
1406
1406
20
1406
20
1406
644
20
66
20
80
66
51
20
20
20
20
20
20
20
523
20
94
58
66
66
32
66
20
21
32
20
20
51
20
20
20
21
32
354
705
20
503
20
94
20
66
32
58
20
66
20
21
32
21
32
21
32
21
32
21
32
21
32
21
32
21
32
21
32
175
66
596
20
20
66
126
20
837
20
32
32
20
239
66
66
239
32
20
1406
20
1406
1344
20
134
311
20
330
76
62
20
73
70
62
58
364
20
58
20
309
20
198
66
20
66
144
20
102
1406
731
66
20
66
20
21
32
20
32
32
20
218
20
1406
1406
253
20
146
262
456
20
1406
1406
20
1406
495
54
20
456
20
1406
1406
20
1406
496
54
20
21
32
524
20
323
58
20
66
66
20
20
20
504
20
94
58
20
66
66
20
21
32
443
20
512
1406
20
1406
1406
1406
1406
1406
1406
1406
1406
1406
1406
1406
1406
1406
20
1406
20
1406
1406
20
1406
1406
20
1406
1406
20
1406
1406
1406
1406
1406
1406
1406
1406
1406
1406
20
1406
1406
20
1406
1406
20
1406
1406
20
1406
1406
1406
1406
1406
1406
1406
1406
1406
1406
1406
20
1406
20
1406
1406
20
1406
1406
20
1406
1406
1406
1406
1406
1406
1406
1406
20
1406
1406
20
1406
1406
20
1406
1406
20
1406
1406
1406
1406
1406
1406
1406
1406
1406
1406
1406
20
1406
20
1406
1406
1406
1406
20
1406
1406
1406
1406
1406
1406
20
1406
1406
1406
1406
1406
20
1406
20
1406
1406
20
1406
1406
20
1406
1406
20
1406
1406
20
1406
1406
20
1406
1406
20
1406
1406
20
1406
1406
20
1406
1406
20
1406
1406
20
1406
1406
20
1406
1406
20
1406
1406
20
1406
1406
20
1406
1406
20
1406
1406
20
1406
1406
20
1406
1406
20
1406
1406
20
1406
1406
1406
1406
1406
1406
20
1406
1406
1406
1406
1406
1406
1406
1406
20
1406
1406
20
1406
1406
1406
20
1406
1406
1406
1406
1406
1406
1406
1406
1406
20
1406
1406
20
1406
1406
20
1406
1406
20
1406
1406
20
1406
1406
1406
20
1406
20
1406
1406
20
1406
1406
20
1406
1406
20
1406
1406
20
1406
1406
20
1406
1406
20
1406
1406
20
1406
1406
20
1406
1406
20
1406
1406
20
1406
1406
20
1406
1406
20
1406
1406
20
1406
1406
20
1406
1406
20
1406
1406
20
1406
1406
20
1406
1406
20
1406
1406
20
1406
1406
20
1406
1406
20
1406
644
20
354
705
20
21
32
21
32
21
32
21
32
21
32
21
32
21
32
21
32
21
32
503
20
94
58
20
66
66
20
21
32
21
32
83
20
20
20
20
83
20
20
20
20
521
20
94
58
20
66
66
20
83
20
20
20
83
20
20
20
20
20
83
20
20
20
21
32
21
32
83
20
20
20
20
21
32
503
20
94
58
20
66
66
20
21
32
354
705
20
21
32
443
20
512
1406
20
1406
1406
20
1406
1406
20
1406
1406
20
1406
1406
20
1406
1406
20
1406
1406
20
1406
1406
20
1406
1406
20
1406
1406
20
1406
1406
1406
1406
1406
1406
1406
20
1406
1406
1406
1406
1406
20
1406
1406
20
1406
1406
20
1406
1406
20
1406
1406
20
1406
1406
20
1406
1406
20
1406
1406
20
1406
1406
20
1406
1406
20
1406
1406
20
1406
1406
20
1406
1406
20
1406
1406
20
1406
1406
20
1406
1406
20
1406
1406
20
1406
1406
20
1406
1406
20
1406
1406
20
1406
1406
20
1406
1406
20
1406
1406
20
1406
1406
20
1406
1406
20
1406
1406
20
1406
1406
20
1406
1406
20
1406
1406
20
1406
1406
20
1406
1406
20
1406
1406
20
1406
1406
20
1406
1406
20
1406
1406
20
1406
1406
20
1406
1406
20
1406
1406
20
1406
1406
20
1406
1406
20
1406
1406
20
1406
1406
20
1406
1406
20
1406
1406
20
1406
1406
1406
1406
1406
20
1406
1406
1406
20
1406
1406
1406
20
1406
20
1406
1406
20
1406
1406
1406
1406
1406
1406
20
1406
1406
1406
1406
1406
20
1406
1406
1406
20
1406
1406
20
1406
1406
20
1406
1406
1406
1406
1406
20
1406
20
1406
1406
20
1406
1406
20
1406
1406
20
1406
1406
20
1406
1406
1406
1406
1406
1406
20
1406
1406
20
1406
1406
20
1406
1406
20
1406
1406
20
1406
1406
20
1406
1406
20
1406
1406
20
1406
1406
1406
1406
20
1406
1406
20
1406
1406
20
1406
1406
20
1406
1406
1406
1406
1406
1406
1406
1406
1406
20
1406
20
1406
1406
20
1406
1406
20
1406
1406
20
1406
1406
20
1406
1406
20
1406
1406
20
1406
644
20
32
32
20
207
1406
1406
20
1406
1406
20
44
20
234
127
569
1406
1151
20
1145
20
105
20
20
32
32
20
239
21
1406
1406
20
1406
1406
32
20
44
234
127
569
1406
1151
20
1145
20
105
20
20
21
32
524
20
94
20
58
66
66
32
66
20
21
32
503
20
94
58
20
66
66
20
21
32
21
32
354
705
20
51
20
20
21
32
21
32
32
32
20
537
20
172
71
177
903
76
58
62
58
20
20
352
58
20
66
66
20
523
20
94
58
20
66
66
20
21
32
21
32
503
20
94
20
58
66
20
66
66
32
20
32
21
32
20
205
32
20
1406
1406
20
1204
146
177
266
76
20
58
62
58
20
20
58
32
32
32
32
32
32
20
20
218
215
32
20
233
20
20
1406
128
20
20
1406
137
20
1406
1406
1406
514
20