0
0
0
0
334
685
0
1
0
493
0
74
38
46
46
0
46
0
1
31
0
31
0
0
0
0
0
0
1
0
1
0
423
0
492
1386
0
1386
1386
0
1386
1386
0
1386
1386
0
1386
1386
0
1386
1386
0
1386
1386
0
1386
1386
0
1386
1386
0
1386
1386
0
1386
1386
1386
1386
0
1386
1386
1386
1386
1386
1386
0
0
0
0
0
0
1386
1386
1386
1386
0
0
0
0
1386
0
1386
1386
0
0
1386
0
1386
1386
0
0
1386
0
1386
0
1386
0
1386
0
1386
1386
1386
1386
1386
1386
1386
0
0
0
0
0
0
0
1386
0
1386
0
1386
0
1386
0
1386
0
1386
0
1386
0
1386
0
1386
0
1386
0
1386
0
1386
0
1386
0
1386
0
1386
0
1386
1386
0
0
1386
1162
0
0
1386
0
1386
1386
0
0
224
1386
0
1386
1386
1386
1386
1386
1162
1386
224
1386
1386
1386
1386
1386
1386
1386
0
1386
0
1386
1386
1386
1386
0
1386
1386
1386
1386
1386
0
1386
1386
1386
1386
0
1386
0
1386
1386
1386
0
1386
0
1386
1386
0
1386
1386
1386
1386
1386
0
1386
1386
1386
0
1386
1386
0
1386
1386
0
1386
1386
0
1386
1386
0
1386
1386
0
1386
1386
0
1386
1386
0
1386
1386
0
1386
1386
0
1386
1386
1386
1386
1386
1386
0
1386
1386
0
1386
1386
0
1386
1386
0
1386
1386
0
1386
1386
0
1386
1386
0
1386
1386
0
1386
1386
0
1386
1386
0
1386
1386
0
1386
1386
0
1386
1386
0
1386
1386
1386
1386
1386
1386
1386
1386
0
1386
1386
0
1386
1386
1386
1386
1386
1386
1386
1386
1386
1386
1386
1386
1386
1386
1386
1386
0
1386
1386
0
1386
1386
0
1386
1386
0
1386
1386
0
1386
1386
1386
1386
1386
1386
1386
1386
1386
1386
1386
1386
1386
1386
0
1386
1386
0
1386
1386
0
1386
624
0
1
0
1
0
500
0
74
38
0
46
46
0
1
0
1
0
1
0
46
0
60
46
31
0
0
0
0
0
0
0
1
0
1
0
1
0
1
0
1
0
1
0
1
0
483
0
74
38
0
46
46
0
1
0
1
0
1
0
1
0
1
0
1
0
1
0
334
685
0
1
0
1
0
1
0
499
0
74
38
0
46
46
0
482
0
74
38
46
0
46
0
0
0
0
202
1
0
0
1386
1386
0
309
126
850
31
0
31
0
0
0
0
258
1386
1386
0
1386
0
1386
1386
0
1386
1386
0
1386
1386
0
0
31
0
0
0
1386
1386
0
1386
1386
0
1386
1386
0
1386
1386
306
0
1
0
1
0
1
0
1
0
1
0
1
0
1
0
423
0
492
1386
0
1386
1386
0
1386
1386
0
1386
1386
0
1386
1386
0
1386
1386
0
1386
1386
0
1386
1386
1386
1386
0
1386
1386
0
1386
1386
0
1386
1386
0
1386
1386
0
1386
1386
0
1386
1386
1386
0
1386
1386
1386
1386
1386
1386
1386
1386
1386
1386
1386
1386
1386
1386
1386
0
0
1386
1386
0
1386
1386
0
1386
1386
0
1386
1386
1386
0
1386
0
1386
1386
0
1386
1386
0
1386
1386
0
1386
1386
0
1386
1386
0
1386
1386
0
1386
1386
0
1386
1386
0
1386
1386
0
1386
1386
0
1386
1386
0
1386
1386
0
1386
1386
0
1386
1386
0
1386
1386
0
1386
1386
0
1386
1386
0
1386
1386
0
1386
1386
0
1386
1386
0
1386
1386
0
1386
1386
0
1386
1386
0
1386
1386
0
1386
1386
0
1386
1386
0
1386
1386
0
1386
1386
0
1386
1386
0
1386
1386
0
1386
1386
0
1386
1386
0
1386
1386
0
1386
1386
0
1386
1386
0
1386
1386
0
1386
1386
0
1386
1386
0
1386
1386
0
1386
1386
0
1386
1386
0
1386
1386
0
1386
1386
0
1386
1386
0
1386
1386
0
1386
1386
0
1386
1386
0
1386
1386
1386
1386
1386
1386
1386
0
1386
1386
0
1386
0
1386
1386
0
1386
1386
0
1386
1386
0
1386
1386
0
1386
1386
0
1386
1386
0
1386
1386
0
1386
1386
0
1386
1386
0
1386
1386
0
1386
1386
0
1386
1386
0
1386
1386
0
1386
1386
0
1386
1386
0
1386
1386
0
1386
1386
0
1386
1386
0
1386
1386
0
1386
1386
0
1386
1386
1386
0
1386
0
1386
1386
0
1386
1386
0
1386
1386
0
1386
1386
0
1386
1386
0
1386
1386
0
1386
624
0
1
0
0
0
0
517
0
152
51
157
670
56
38
42
38
0
0
1
332
38
0
46
0
46
0
1
0
1
0
483
0
74
38
0
46
46
0
1
0
1
0
502
0
74
38
0
46
46
334
685
0
0
0
0
0
517
0
143
51
1386
42
0
1386
1386
0
1386
1386
0
1386
1386
0
1386
1386
0
1386
1386
0
1386
1386
0
1386
1386
0
1386
1386
0
1386
1386
0
1386
1386
0
1386
1386
1386
0
1386
0
1386
1386
1386
1386
1386
1386
1386
1386
1386
1386
1386
1386
1386
0
1386
0
1386
1386
0
1386
1386
0
1386
1386
0
1386
1386
0
1386
1386
0
1386
1386
0
1386
1386
0
1386
1386
0
1386
1386
0
1386
1386
1386
0
1386
1386
0
1386
1386
1386
1386
1386
1386
1386
1386
1386
1386
1386
1386
1386
0
1386
1386
1386
1386
1386
1386
1386
1386
1386
1386
1386
1386
1386
1386
1386
0
1386
0
1386
1386
1386
0
1386
0
1386
1386
0
1386
1386
0
1386
1386
1386
1386
1386
0
1386
0
1386
1386
0
1386
1386
0
1386
1386
0
1386
1386
0
1386
1386
0
1386
1386
0
1386
1386
0
1386
1386
0
1386
1386
0
1386
1386
0
1386
1386
0
1386
1386
0
1386
1386
0
1386
1386
0
1386
1386
0
1386
1386
0
1386
1386
0
1386
1386
0
1386
1386
0
1386
1386
0
1386
1386
0
1386
1386
0
1386
1386
0
1386
1386
0
1386
1386
0
1386
1386
0
1386
1386
0
1386
1386
0
0
1386
1386
1386
1386
1386
1386
1386
1386
1386
1386
1386
1386
1386
1386
0
1386
1386
0
1386
1386
0
1386
1386
1386
1386
1386
0
1386
0
1386
1386
0
1386
1386
0
1386
1386
1386
1386
0
1386
1386
1386
1386
1386
0
1386
0
1386
1386
0
1386
0
0
517
1386
0
1386
1386
1386
1386
0
1386
1386
1386
1386
0
1386
1386
0
1386
1386
0
1386
1386
0
1386
1386
1386
0
1386
0
1386
1386
0
1386
0
143
1386
0
51
1386
42
1386
1386
0
1386
1386
0
1386
1386
386
0
0
1386
1386
0
1386
1386
0
1386
1386
0
1386
1386
0
1386
1386
0
1386
1386
0
1386
1386
0
1386
1386
0
1386
1386
0
1386
1386
0
1386
1386
0
1386
1386
0
1386
1386
0
1386
1386
0
1386
1386
0
1386
1386
0
1386
1386
0
1386
1386
0
1386
1386
0
1386
1386
0
1386
1386
0
1386
1386
0
1386
1386
0
1386
1386
0
1386
1386
0
1386
1386
0
1386
1386
0
1386
1386
0
1386
1386
1386
1386
1386
0
1386
1386
0
1386
0
1386
1386
0
1386
1386
0
1386
1386
0
1386
1386
0
1386
1386
0
1386
1386
0
1386
1386
0
1386
1386
0
1386
1386
0
1386
1386
0
1386
1162
0
1386
1386
1386
1386
1386
1386
0
1386
1386
1386
1386
1386
224
0
1386
1386
0
1386
1386
0
1386
1386
0
1386
1386
0
1386
1386
0
1386
1386
0
1386
1386
0
1386
1386
0
1386
1386
0
1386
1386
0
1386
1386
0
1386
1386
0
1386
1386
0
1386
1386
1386
1386
1386
1386
1386
1386
1386
1386
1386
1386
0
1386
1386
0
1386
1386
0
1386
1386
0
1386
1386
0
1386
1386
0
1386
1386
0
1386
1386
0
1386
1386
0
1386
1386
0
1386
1386
0
1386
1386
0
1386
1386
0
1386
1386
0
1386
1386
0
1386
1386
0
1386
1386
0
1386
1386
0
1386
1386
0
1386
1386
0
1386
1386
0
1386
1386
0
1386
1386
0
1386
1386
1386
1386
0
1386
1386
0
1386
1386
0
1386
1386
0
1386
1386
0
1386
286
0
1
0
1
0
1
0
1386
45
0
1386
1386
0
1386
1386
0
1386
1386
0
1386
1386
0
1386
1386
0
1386
1386
0
1386
1386
0
1386
1386
0
1386
1386
0
1386
1386
0
1386
1386
0
1386
1386
0
1386
1386
0
1386
1386
0
1386
1386
1386
1386
1386
0
1386
0
1386
1386
0
1386
1386
0
1386
1386
0
1386
1386
1386
1386
1386
1386
1386
1386
1386
1386
1386
1386
0
1386
1386
1386
0
1386
0
1386
1386
0
1386
1386
1386
1386
1386
1386
1386
1386
1386
1386
1386
1386
1386
1386
0
1386
1386
0
1386
1386
0
1386
1386
0
1386
1386
0
1386
1386
0
1386
1386
0
1386
1386
0
1386
1386
0
1386
1386
0
1386
1386
0
1386
1386
0
1386
1386
0
1386
1386
0
1386
1386
0
1386
1386
0
1386
1386
0
1386
1386
0
1386
1386
0
1386
1386
0
1386
1386
1386
0
1386
0
1386
1386
0
1386
1386
0
1386
1386
0
1386
1386
0
1386
1386
0
1386
1386
0
1386
1386
0
1386
1386
0
1386
1386
0
1386
1386
0
1386
1386
1386
0
1386
0
1386
1386
0
1386
1386
0
1386
1386
0
1386
1386
0
1386
1386
0
1386
1386
0
1386
1386
0
1386
1386
0
1386
1386
0
1386
1386
0
1386
1386
0
1386
1386
0
1386
1386
0
1386
1386
0
1386
1386
0
1386
1386
0
1386
1386
0
1386
1386
1386
1386
0
1386
1386
1386
0
1386
0
1386
1386
0
1386
1386
0
1386
1386
0
1386
1386
0
1386
1386
0
1386
1386
0
1386
1386
0
1386
1386
0
1386
1386
0
1386
1386
0
1386
1386
0
1386
1386
0
1386
1386
0
1386
1386
0
1386
1386
0
1386
1386
0
1386
1386
0
1386
1386
0
1386
1386
0
1386
1386
0
1386
1386
0
1386
1386
0
1386
1386
0
1386
1386
0
1386
1386
0
1386
1386
0
1386
1386
0
1386
1386
0
1386
1386
0
1386
1386
0
1386
1386
0
1386
1386
0
1386
1386
0
1386
1386
0
1386
1386
1386
0
1386
0
1386
1386
0
1386
1386
0
1386
1386
0
1386
1386
0
1386
1386
0
1386
1386
0
1386
1386
0
1386
1386
0
1386
1386
0
1386
1386
0
1386
1386
0
1386
1386
0
1386
1386
1386
1386
1386
1386
1386
1386
0
1386
1386
0
1386
1386
0
1386
1386
1386
1386
1386
0
1386
1386
0
1386
1386
1386
1386
1386
0
1386
1386
0
1386
1386
0
1386
1386
0
1386
1386
0
1386
1386
0
1386
1386
0
1386
1386
0
1386
1386
0
1386
1386
0
1386
1386
0
1386
1386
1386
1386
1386
1386
1386
1386
1386
1386
1386
1386
1386
1386
1386
1386
1386
0
1386
0
1386
1386
0
1386
1386
1386
0
1386
0
1386
1386
0
1386
1386
0
1386
1386
0
1386
1386
0
1386
1386
0
1386
532
0
1
0
1
0
1
0
1
0
1
0
1
0
1
0
1
0
1
0
1
0
0
0
0
0
0
197
0
1386
1386
1366
0
126
1
1386
0
0
51
1386
1386
1386
736
0
0
459
0
502
0
74
84
0
46
84
0
0
1
1
0
0
31
0
0
0
1
0
1
0
423
0
492
1386
1386
0
1386
0
1386
1386
0
1386
1386
0
1386
1386
0
1386
1386
0
1386
1386
0
1386
1386
0
1386
1386
0
1386
1386
0
1386
1386
0
1386
1386
0
1386
1386
0
1386
1386
0
1386
1386
0
1386
0
0
31
0
0
1386
1386
0
1386
1386
0
1386
1386
0
1386
1386
0
1386
1386
0
1386
1386
1386
1386
1386
0
1386
0
1386
1386
0
1386
1386
0
1386
1386
0
1386
1386
0
1386
1386
1386
0
0
0
1386
0
1386
1386
0
1386
1386
0
1386
1386
0
1386
1386
0
1386
1386
0
1386
1386
0
1386
1386
0
1386
1386
0
1386
1386
0
1386
1386
0
1386
1386
0
1386
1386
0
1386
1386
0
1386
1386
0
1386
1386
0
1386
1386
0
1386
1386
0
1386
1386
0
1386
1386
0
1386
0
1386
1386
0
1386
1386
0
1386
1386
0
1386
1386
0
1386
1386
0
1386
1386
0
1386
1386
0
1386
1386
0
1386
1386
0
1386
1386
0
1386
1386
0
1386
1386
0
1386
1386
0
1386
1386
0
1386
1386
0
1386
1386
0
1386
1386
0
1386
1386
0
1386
1386
0
1386
1386
0
1386
1386
0
1386
1386
0
1386
1386
0
1386
1386
0
1386
1386
0
1386
1386
0
1386
1386
0
1386
1386
0
1386
1386
0
1386
1386
0
1386
1386
0
1386
1386
0
1386
1386
0
1386
1386
0
1386
1386
0
1386
1386
0
1386
1386
0
1386
1386
1386
0
1386
0
1386
1386
0
1386
1386
0
1386
1386
0
1386
1386
0
1386
1386
0
1386
1386
0
1386
1386
0
1386
1386
0
1386
1386
0
1386
1386
0
1386
1386
0
1386
1386
0
1386
1386
0
1386
1386
0
1386
1386
0
1386
1386
0
1386
1386
0
1386
1386
0
1386
1386
1386
0
1386
0
1386
624
0
46
0
60
46
31
0
0
0
0
0
0
0
503
0
74
38
46
46
0
46
0
1
0
0
0
31
0
0
0
1
0
334
685
0
483
0
74
0
46
0
38
0
46
0
1
0
1
0
1
0
1
0
1
0
1
0
1
0
1
0
1
0
155
46
576
0
0
46
106
0
817
0
0
0
0
219
46
46
219
0
0
1386
0
1386
1324
0
114
291
0
310
56
42
0
53
50
42
38
344
0
38
0
289
0
178
46
0
46
124
0
82
1386
711
46
0
46
0
1
0
0
0
0
0
198
0
1386
1386
233
0
126
242
436
0
1386
1386
0
1386
475
34
0
436
0
1386
1386
0
1386
476
34
0
1
0
504
0
303
38
0
46
46
0
0
0
484
0
74
38
0
46
46
0
1
0
423
0
492
1386
0
1386
1386
1386
1386
1386
1386
1386
1386
1386
1386
1386
1386
1386
0
1386
0
1386
1386
0
1386
1386
0
1386
1386
0
1386
1386
1386
1386
1386
1386
1386
1386
1386
1386
0
1386
1386
0
1386
1386
0
1386
1386
0
1386
1386
1386
1386
1386
1386
1386
1386
1386
1386
1386
0
1386
0
1386
1386
0
1386
1386
0
1386
1386
1386
1386
1386
1386
1386
1386
0
1386
1386
0
1386
1386
0
1386
1386
0
1386
1386
1386
1386
1386
1386
1386
1386
1386
1386
1386
0
1386
0
1386
1386
1386
1386
0
1386
1386
1386
1386
1386
1386
0
1386
1386
1386
1386
1386
0
1386
0
1386
1386
0
1386
1386
0
1386
1386
0
1386
1386
0
1386
1386
0
1386
1386
0
1386
1386
0
1386
1386
0
1386
1386
0
1386
1386
0
1386
1386
0
1386
1386
0
1386
1386
0
1386
1386
0
1386
1386
0
1386
1386
0
1386
1386
0
1386
1386
0
1386
1386
0
1386
1386
1386
1386
1386
1386
0
1386
1386
1386
1386
1386
1386
1386
1386
0
1386
1386
0
1386
1386
1386
0
1386
1386
1386
1386
1386
1386
1386
1386
1386
0
1386
1386
0
1386
1386
0
1386
1386
0
1386
1386
0
1386
1386
1386
0
1386
0
1386
1386
0
1386
1386
0
1386
1386
0
1386
1386
0
1386
1386
0
1386
1386
0
1386
1386
0
1386
1386
0
1386
1386
0
1386
1386
0
1386
1386
0
1386
1386
0
1386
1386
0
1386
1386
0
1386
1386
0
1386
1386
0
1386
1386
0
1386
1386
0
1386
1386
0
1386
1386
0
1386
1386
0
1386
624
0
334
685
0
1
0
1
0
1
0
1
0
1
0
1
0
1
0
1
0
1
0
483
0
74
38
0
46
46
0
1
0
1
0
63
0
0
0
0
63
0
0
0
0
501
0
74
38
0
46
46
0
63
0
0
0
63
0
0
0
0
0
63
0
0
0
1
0
1
0
63
0
0
0
0
1
0
483
0
74
38
0
46
46
0
1
0
334
685
0
1
0
423
0
492
1386
0
1386
1386
0
1386
1386
0
1386
1386
0
1386
1386
0
1386
1386
0
1386
1386
0
1386
1386
0
1386
1386
0
1386
1386
0
1386
1386
1386
1386
1386
1386
1386
0
1386
1386
1386
1386
1386
0
1386
1386
0
1386
1386
0
1386
1386
0
1386
1386
0
1386
1386
0
1386
1386
0
1386
1386
0
1386
1386
0
1386
1386
0
1386
1386
0
1386
1386
0
1386
1386
0
1386
1386
0
1386
1386
0
1386
1386
0
1386
1386
0
1386
1386
0
1386
1386
0
1386
1386
0
1386
1386
0
1386
1386
0
1386
1386
0
1386
1386
0
1386
1386
0
1386
1386
0
1386
1386
0
1386
1386
0
1386
1386
0
1386
1386
0
1386
1386
0
1386
1386
0
1386
1386
0
1386
1386
0
1386
1386
0
1386
1386
0
1386
1386
0
1386
1386
0
1386
1386
0
1386
1386
0
1386
1386
0
1386
1386
0
1386
1386
0
1386
1386
0
1386
1386
1386
1386
1386
0
1386
1386
1386
0
1386
1386
1386
0
1386
0
1386
1386
0
1386
1386
1386
1386
1386
1386
0
1386
1386
1386
1386
1386
0
1386
1386
1386
0
1386
1386
0
1386
1386
0
1386
1386
1386
1386
1386
0
1386
0
1386
1386
0
1386
1386
0
1386
1386
0
1386
1386
0
1386
1386
1386
1386
1386
1386
0
1386
1386
0
1386
1386
0
1386
1386
0
1386
1386
0
1386
1386
0
1386
1386
0
1386
1386
0
1386
1386
1386
1386
0
1386
1386
0
1386
1386
0
1386
1386
0
1386
1386
1386
1386
1386
1386
1386
1386
1386
0
1386
0
1386
1386
0
1386
1386
0
1386
1386
0
1386
1386
0
1386
1386
0
1386
1386
0
1386
624
0
0
0
0
187
1386
1386
0
1386
1386
0
24
0
214
107
549
1386
1131
0
1125
0
85
0
0
0
0
0
219
1
1386
1386
0
1386
1386
0
0
24
214
107
549
1386
1131
0
1125
0
85
0
0
1
0
504
0
74
0
38
46
46
0
46
0
1
0
483
0
74
38
0
46
46
0
1
0
1
0
334
685
0
31
0
0
1
0
1
0
0
0
0
517
0
152
51
157
883
56
38
42
38
0
0
332
38
0
46
46
0
503
0
74
38
0
46
46
0
1
0
1
0
483
0
74
0
38
46
0
46
46
0
0
0
1
0
0
185
0
0
1386
1386
0
1184
126
157
246
56
0
38
42
38
0
0
38
0
0
0
0
0
0
0
0
198
195
0
0
213
0
0
1386
108
0
0
1386
117
0
1386
1386
1386
494
0
